            -1.00000             0.00000             0.00000          
   0.00000            -3.00000             1.00000             0.00000
            -4.00000             4.00000            -1.00000          
   0.00000             3.00000            -0.25000             0.00000
            -1.00000             0.75000            -0.75000          
   0.00000            -2.25000             0.25000             0.00000
            -3.25000             3.25000            -1.00000          
   0.00000             2.25000            -0.07692             0.00000
            -1.00000             0.92308            -0.92308          
   0.00000            -2.07692             0.07692             0.00000
            -3.07692             3.07692            -1.00000          
   0.00000             2.07692            -0.02500             0.00000
            -1.00000             0.97500            -0.97500          
   0.00000            -2.02500             0.02500             0.00000
            -3.02500             3.02500            -1.00000          
   0.00000             2.02500            -0.00826             0.00000
            -1.00000             0.99174            -0.99174          
   0.00000            -2.00826             0.00826             0.00000
            -3.00826             3.00826            -1.00000          
   0.00000             2.00826            -0.00275             0.00000
            -1.00000             0.99725            -0.99725          
   0.00000            -2.00275             0.00275             0.00000
            -3.00275             3.00275            -1.00000          
   0.00000             2.00275            -0.00091             0.00000
            -1.00000             0.99909            -0.99909          
   0.00000            -2.00091             0.00091             0.00000
            -3.00091             3.00091            -1.00000          
   0.00000             2.00091            -0.00030             0.00000
            -1.00000             0.99970            -0.99970          
   0.00000            -2.00030             0.00030             0.00000
            -3.00030             3.00030            -1.00000          
   0.00000             2.00030            -0.00010             0.00000
            -1.00000             0.99990            -0.99990          
   0.00000            -2.00010             0.00010             0.00000
            -3.00010             3.00010            -1.00000          
   0.00000             2.00010            -0.00003             0.00000
            -1.00000             0.99997            -0.99997          
   0.00000            -2.00003             0.00003             0.00000
            -3.00003             3.00003            -1.00000          
   0.00000             2.00003            -0.00001             0.00000
            -1.00000             0.99999            -0.99999          
   0.00000            -2.00001             0.00001             0.00000
            -3.00001             3.00001            -1.00000          
   0.00000             2.00001            -0.00000             0.00000
            -1.00000             1.00000            -1.00000          
   0.00000            -2.00000             0.00000             0.00000
            -3.00000             3.00000            -1.00000          
   0.00000             2.00000            -0.00000             0.00000
            -1.00000             1.00000            -1.00000          
   0.00000            -2.00000             0.00000             0.00000
            -3.00000             3.00000            -1.00000          
   0.00000             2.00000            -0.00000             0.00000
            -1.00000             1.00000            -1.00000          
   0.00000            -2.00000             0.00000             0.00000
            -3.00000             3.00000            -1.00000          
   0.00000             2.00000            -0.00000             0.00000
            -1.00000             1.00000            -1.00000          
   0.00000            -2.00000             0.00000             0.00000
            -3.00000             3.00000            -1.00000          
   0.00000             2.00000            -0.00000             0.00000
            -1.00000             1.00000            -1.00000          
   0.00000            -2.00000             0.00000             0.00000
            -3.00000             3.00000            -1.00000          
   0.00000             2.00000            -0.00000             0.00000
            -1.00000             1.00000            -1.00000          
   0.00000            -2.00000             0.00000             0.00000
            -3.00000             3.00000            -1.00000          
   0.00000             2.00000            -0.00000             0.00000
            -1.00000             1.00000            -1.00000          
   0.00000            -2.00000             0.00000             0.00000
            -3.00000             3.00000            -1.00000          
   0.00000             2.00000            -0.00000             0.00000
            -1.00000             1.00000            -1.00000          
   0.00000            -2.00000             0.00000             0.00000
            -3.00000             3.00000            -1.00000          
   0.00000             2.00000            -0.00000             0.00000
            -1.00000             1.00000            -1.00000          
   0.00000            -2.00000             0.00000             0.00000
            -3.00000             3.00000            -1.00000          
   0.00000             2.00000            -0.00000             0.00000
            -1.00000             1.00000            -1.00000          
   0.00000            -2.00000             0.00000             0.00000
            -3.00000             3.00000            -1.00000          
   0.00000             2.00000            -0.00000             0.00000
            -1.00000             1.00000            -1.00000          
   0.00000            -2.00000             0.00000             0.00000
            -3.00000             3.00000            -1.00000          
   0.00000             2.00000            -0.00000             0.00000
            -1.00000             1.00000            -1.00000          
   0.00000            -2.00000             0.00000             0.00000
            -3.00000             3.00000            -1.00000          
   0.00000             2.00000            -0.00000             0.00000
            -1.00000             1.00000            -1.00000          
   0.00000            -2.00000             0.00000             0.00000
            -3.00000             3.00000            -1.00000          
   0.00000             2.00000            -0.00000             0.00000
            -1.00000             1.00000            -1.00000          
   0.00000            -2.00000             0.00000             0.00000
            -3.00000             3.00000            -1.00000          
   0.00000             2.00000            -0.00000             0.00000
            -1.00000             1.00000            -1.00000          
   0.00000            -2.00000             0.00000             0.00000
            -3.00000             3.00000            -1.00000          
   0.00000             2.00000            -0.00000             0.00000
            -1.00000             1.00000            -1.00000          
   0.00000            -2.00000             0.00000             0.00000
            -3.00000             3.00000            -1.00000          
   0.00000             2.00000            -0.00000             0.00000
            -1.00000             1.00000            -1.00000          
   0.00000            -2.00000             0.00000             0.00000
            -3.00000             3.00000            -1.00000          
   0.00000             2.00000            -0.00000             0.00000
            -1.00000             1.00000            -1.00000          
   0.00000            -2.00000             0.00000             0.00000
            -3.00000             3.00000            -1.00000          
   0.00000             2.00000            -0.00000             0.00000
            -1.00000             1.00000            -1.00000          
   0.00000            -2.00000             0.00000             0.00000
            -3.00000             3.00000            -1.00000          
   0.00000             2.00000            -0.00000             0.00000
            -1.00000             1.00000            -1.00000          
   0.00000            -2.00000             0.00000             0.00000
            -3.00000             3.00000            -1.00000          
   0.00000             2.00000            -0.00000             0.00000
            -1.00000             1.00000            -1.00000          
   0.00000            -2.00000             0.00000             0.00000
            -3.00000             3.00000            -1.00000          
   0.00000             2.00000            -0.00000             0.00000
            -1.00000             1.00000            -1.00000          
   0.00000            -2.00000             0.00000             0.00000
            -3.00000             3.00000            -1.00000          
   0.00000             2.00000            -0.00000             0.00000
            -1.00000             1.00000            -1.00000          
   0.00000            -2.00000             0.00000             0.00000
            -3.00000             3.00000            -1.00000          
   0.00000             2.00000            -0.00000             0.00000
            -1.00000             1.00000            -1.00000          
   0.00000            -2.00000             0.00000             0.00000
            -3.00000             3.00000            -1.00000          
   0.00000             2.00000            -0.00000             0.00000
            -1.00000             1.00000            -1.00000          
   0.00000            -2.00000             0.00000             0.00000
            -3.00000             3.00000            -1.00000          
   0.00000             2.00000            -0.00000             0.00000
            -1.00000             1.00000            -1.00000          
   0.00000            -2.00000             0.00000             0.00000
            -3.00000             3.00000            -1.00000          
   0.00000             2.00000            -0.00000             0.00000
            -1.00000             1.00000            -1.00000          
   0.00000            -2.00000             0.00000             0.00000
            -3.00000             3.00000            -1.00000          
   0.00000             2.00000            -0.00000             0.00000
            -1.00000             1.00000            -1.00000          
   0.00000            -2.00000             0.00000             0.00000
            -3.00000             3.00000            -1.00000          
   0.00000             2.00000            -0.00000             0.00000
            -1.00000             1.00000            -1.00000          
   0.00000            -2.00000             0.00000             0.00000
            -3.00000             3.00000            -1.00000          
   0.00000             2.00000            -0.00000             0.00000
            -1.00000             1.00000            -1.00000          
   0.00000            -2.00000             0.00000             0.00000
            -3.00000             3.00000            -1.00000          
   0.00000             2.00000            -0.00000             0.00000
            -1.00000             1.00000            -1.00000          
   0.00000            -2.00000             0.00000             0.00000
            -3.00000             3.00000            -1.00000          
   0.00000             2.00000            -0.00000             0.00000
            -1.00000             1.00000            -1.00000          
   0.00000            -2.00000             0.00000             0.00000
            -3.00000             3.00000            -1.00000          
   0.00000             2.00000            -0.00000             0.00000
            -1.00000             1.00000            -1.00000          
   0.00000            -2.00000             0.00000             0.00000
            -3.00000             3.00000            -1.00000          
   0.00000             2.00000            -0.00000             0.00000
            -1.00000             1.00000            -1.00000          
   0.00000            -2.00000             0.00000             0.00000
            -3.00000             3.00000            -1.00000          
   0.00000             2.00000            -0.00000             0.00000
            -1.00000             1.00000            -1.00000          
   0.00000            -2.00000             0.00000             0.00000
            -3.00000             3.00000            -1.00000          
   0.00000             2.00000            -0.00000             0.00000
            -1.00000             1.00000            -1.00000          
   0.00000            -2.00000             0.00000             0.00000
            -3.00000             3.00000            -1.00000          
   0.00000             2.00000            -0.00000             0.00000
            -1.00000             1.00000            -1.00000          
   0.00000            -2.00000             0.00000             0.00000
            -3.00000             3.00000            -1.00000          
   0.00000             2.00000            -0.00000             0.00000
            -1.00000             1.00000            -1.00000          
   0.00000            -2.00000             0.00000             0.00000
            -3.00000             3.00000            -1.00000          
   0.00000             2.00000            -0.00000             0.00000
            -1.00000             1.00000            -1.00000          
   0.00000            -2.00000             0.00000             0.00000
            -3.00000             3.00000            -1.00000          
   0.00000             2.00000            -0.00000             0.00000
            -1.00000             1.00000            -1.00000          
   0.00000            -2.00000             0.00000             0.00000
            -3.00000             3.00000            -1.00000          
   0.00000             2.00000            -0.00000             0.00000
            -1.00000             1.00000            -1.00000          
   0.00000            -2.00000             0.00000             0.00000
            -3.00000             3.00000            -1.00000          
   0.00000             2.00000            -0.00000             0.00000
            -1.00000             1.00000            -1.00000          
   0.00000            -2.00000             0.00000             0.00000
            -3.00000             3.00000            -1.00000          
   0.00000             2.00000            -0.00000             0.00000
            -1.00000             1.00000            -1.00000          
   0.00000            -2.00000             0.00000             0.00000
            -3.00000             3.00000            -1.00000          
   0.00000             2.00000            -0.00000             0.00000
            -1.00000             1.00000            -1.00000          
   0.00000            -2.00000             0.00000             0.00000
            -3.00000             3.00000            -1.00000          
   0.00000             2.00000            -0.00000             0.00000
            -1.00000             1.00000            -1.00000          
   0.00000            -2.00000             0.00000             0.00000
            -3.00000             3.00000            -1.00000          
   0.00000             2.00000            -0.00000             0.00000
            -1.00000             1.00000            -1.00000          
   0.00000            -2.00000             0.00000             0.00000
            -3.00000             3.00000            -1.00000          
   0.00000             2.00000            -0.00000             0.00000
            -1.00000             1.00000            -1.00000          
   0.00000            -2.00000             0.00000             0.00000
            -3.00000             3.00000            -1.00000          
   0.00000             2.00000            -0.00000             0.00000
            -1.00000             1.00000            -1.00000          
   0.00000            -2.00000             0.00000             0.00000
            -3.00000             3.00000            -1.00000          
   0.00000             2.00000            -0.00000             0.00000
            -1.00000             1.00000            -1.00000          
   0.00000            -2.00000             0.00000             0.00000
            -3.00000             3.00000            -1.00000          
   0.00000             2.00000            -0.00000             0.00000
            -1.00000             1.00000            -1.00000          
   0.00000            -2.00000             0.00000             0.00000
            -3.00000             3.00000            -1.00000          
   0.00000             2.00000            -0.00000             0.00000
            -1.00000             1.00000            -1.00000          
   0.00000            -2.00000             0.00000             0.00000
            -3.00000             3.00000            -1.00000          
   0.00000             2.00000            -0.00000             0.00000
            -1.00000             1.00000            -1.00000          
   0.00000            -2.00000             0.00000             0.00000
            -3.00000             3.00000            -1.00000          
   0.00000             2.00000            -0.00000             0.00000
            -1.00000             1.00000            -1.00000          
   0.00000            -2.00000             0.00000             0.00000
            -3.00000             3.00000            -1.00000          
   0.00000             2.00000            -0.00000             0.00000
            -1.00000             1.00000            -1.00000          
   0.00000            -2.00000             0.00000             0.00000
            -3.00000             3.00000            -1.00000          
   0.00000             2.00000            -0.00000             0.00000
            -1.00000             1.00000            -1.00000          
   0.00000            -2.00000             0.00000             0.00000
            -3.00000             3.00000            -1.00000          
   0.00000             2.00000            -0.00000             0.00000
            -1.00000             1.00000            -1.00000          
   0.00000            -2.00000             0.00000             0.00000
            -3.00000             3.00000            -1.00000          
   0.00000             2.00000            -0.00000             0.00000
            -1.00000             1.00000            -1.00000          
   0.00000            -2.00000             0.00000             0.00000
            -3.00000             3.00000            -1.00000          
   0.00000             2.00000            -0.00000             0.00000
            -1.00000             1.00000            -1.00000          
   0.00000            -2.00000             0.00000             0.00000
            -3.00000             3.00000            -1.00000          
   0.00000             2.00000            -0.00000             0.00000
            -1.00000             1.00000            -1.00000          
   0.00000            -2.00000             0.00000             0.00000
            -3.00000             3.00000            -1.00000          
   0.00000             2.00000            -0.00000             0.00000
            -1.00000             1.00000            -1.00000          
   0.00000            -2.00000             0.00000             0.00000
            -3.00000             3.00000            -1.00000          
   0.00000             2.00000            -0.00000             0.00000
            -1.00000             1.00000            -1.00000          
   0.00000            -2.00000             0.00000             0.00000
            -3.00000             3.00000            -1.00000          
   0.00000             2.00000            -0.00000             0.00000
            -1.00000             1.00000            -1.00000          
   0.00000            -2.00000             0.00000             0.00000
            -3.00000             3.00000            -1.00000          
   0.00000             2.00000            -0.00000             0.00000
            -1.00000             1.00000            -1.00000          
   0.00000            -2.00000             0.00000             0.00000
            -3.00000             3.00000            -1.00000          
   0.00000             2.00000            -0.00000             0.00000
            -1.00000             1.00000            -1.00000          
   0.00000            -2.00000             0.00000             0.00000
            -3.00000             3.00000            -1.00000          
   0.00000             2.00000            -0.00000             0.00000
            -1.00000             1.00000            -1.00000          
   0.00000            -2.00000             0.00000             0.00000
            -3.00000             3.00000            -1.00000          
   0.00000             2.00000            -0.00000             0.00000
            -1.00000             1.00000            -1.00000          
   0.00000            -2.00000             0.00000             0.00000
            -3.00000             3.00000            -1.00000          
   0.00000             2.00000            -0.00000             0.00000
            -1.00000             1.00000            -1.00000          
   0.00000            -2.00000             0.00000             0.00000
            -3.00000             3.00000            -1.00000          
   0.00000             2.00000            -0.00000             0.00000
            -1.00000             1.00000            -1.00000          
   0.00000            -2.00000             0.00000             0.00000
            -3.00000             3.00000            -1.00000          
   0.00000             2.00000            -0.00000             0.00000
            -1.00000             1.00000            -1.00000          
   0.00000            -2.00000             0.00000             0.00000
            -3.00000             3.00000            -1.00000          
   0.00000             2.00000            -0.00000             0.00000
            -1.00000             1.00000            -1.00000          
   0.00000            -2.00000             0.00000             0.00000
            -3.00000             3.00000            -1.00000          
   0.00000             2.00000            -0.00000             0.00000
            -1.00000             1.00000            -1.00000          
   0.00000            -2.00000             0.00000             0.00000
            -3.00000             3.00000            -1.00000          
   0.00000             2.00000            -0.00000             0.00000
            -1.00000             1.00000            -1.00000          
   0.00000            -2.00000             0.00000             0.00000
            -3.00000             3.00000            -1.00000          
   0.00000             2.00000            -0.00000             0.00000
            -1.00000             1.00000            -1.00000          
   0.00000            -2.00000             0.00000             0.00000
            -3.00000             3.00000            -1.00000          
   0.00000             2.00000            -0.00000             0.00000
            -1.00000             1.00000            -1.00000          
   0.00000            -2.00000             0.00000             0.00000
            -3.00000             3.00000            -1.00000          
   0.00000             2.00000            -0.00000             0.00000
            -1.00000             1.00000            -1.00000          
   0.00000            -2.00000             0.00000             0.00000
            -3.00000             3.00000            -1.00000          
   0.00000             2.00000            -0.00000             0.00000
            -1.00000             1.00000            -1.00000          
   0.00000            -2.00000             0.00000             0.00000
            -3.00000             3.00000            -1.00000          
   0.00000             2.00000            -0.00000             0.00000
            -1.00000             1.00000            -1.00000          
   0.00000            -2.00000             0.00000             0.00000
            -3.00000             3.00000            -1.00000          
   0.00000             2.00000            -0.00000             0.00000
            -1.00000             1.00000            -1.00000          
   0.00000            -2.00000             0.00000             0.00000
            -3.00000             3.00000            -1.00000          
   0.00000             2.00000            -0.00000             0.00000
            -1.00000             1.00000            -1.00000          
   0.00000            -2.00000             0.00000             0.00000
            -3.00000             3.00000            -1.00000          
   0.00000             2.00000            -0.00000             0.00000
            -1.00000             1.00000            -1.00000          
   0.00000            -2.00000             0.00000             0.00000
            -3.00000             3.00000            -1.00000          
   0.00000             2.00000            -0.00000             0.00000
            -1.00000             1.00000            -1.00000          
   0.00000            -2.00000             0.00000             0.00000
            -3.00000             3.00000            -1.00000          
   0.00000             2.00000            -0.00000             0.00000
            -1.00000             1.00000            -1.00000          
   0.00000            -2.00000             0.00000             0.00000
            -3.00000             3.00000            -1.00000          
   0.00000             2.00000            -0.00000             0.00000
            -1.00000             1.00000            -1.00000          
   0.00000            -2.00000             0.00000             0.00000
            -3.00000             3.00000            -1.00000          
   0.00000             2.00000            -0.00000             0.00000
            -1.00000             1.00000            -1.00000          
   0.00000            -2.00000             0.00000             0.00000
            -3.00000             3.00000            -1.00000          
   0.00000             2.00000            -0.00000             0.00000
            -1.00000             1.00000            -1.00000          
   0.00000            -2.00000             0.00000             0.00000
            -3.00000             3.00000            -1.00000          
   0.00000             2.00000            -0.00000             0.00000
            -1.00000             1.00000            -1.00000          
   0.00000            -2.00000             0.00000             0.00000
            -3.00000             3.00000            -1.00000          
   0.00000             2.00000            -0.00000             0.00000
            -1.00000             1.00000            -1.00000          
   0.00000            -2.00000             0.00000             0.00000
            -3.00000             3.00000            -1.00000          
   0.00000             2.00000            -0.00000             0.00000
            -1.00000             1.00000            -1.00000          
   0.00000            -2.00000             0.00000             0.00000
            -3.00000             3.00000            -1.00000          
   0.00000             2.00000            -0.00000             0.00000
            -1.00000             1.00000            -1.00000          
   0.00000            -2.00000             0.00000             0.00000
            -3.00000             3.00000            -1.00000          
   0.00000             2.00000            -0.00000             0.00000
